Route_Num_1,Route_Num_2,Stop_ID,Pattern_ID_1,Pattern_ID_2,change_num
3,3,,21003525,10003501,119
3,3,,20003006,21003521,119
2,3,,20002011,21003521,119
4,4,,20004005,21004511,119
213,213,,41213013,30213012,119
84,84,,11084015,20084006,119
10,12,1085,20010020,21012017,119
202,202,,21202082,10202061,119
131,24,30635,10131088,11024074,119
75,330,10860,31075145,31330005,119
49,7,1085,20049009,21007003,119
7,49,1500,10007008,11049005,119
48,48,,20048004,21048523,119
31,68,26368,40031038,11068058,119
67,65,9610,20067056,11065064,119
14,14,,20014005,21014537,119
68,31,75406,20068052,31031024,119
153,183,57459,21153016,21183032,119
55,55,,10055285,21055283,119
347,345,23273,20347011,11345006,119
164,164,,30164022,41164020,119
204,203,64140,10204013,41203033,119
203,203,,41203035,30203036,119
203,203,,41203031,30203037,119
118,118,,21118342,10118362,119
36,36,,21036378,10036374,119
5,54,7430,20005135,21054097,119
5,54,7430,20005133,21054097,119
11,125,1085,20011041,21125021,119
11,125,1085,20011041,21125024,119
28,23,18380,20028417,21023005,119
3,3,,10003501,11003012,119
3,4,,10003501,11004017,119
3,4,,10003501,11004019,119
48,48,,20048004,21048528,119
25,25,,11025054,20025051,119
54,5,19940,10054092,11005144,119
54,5,19940,10054109,11005145,119
54,5,19940,10054092,11005145,119
5,54,7430,20005136,21054114,119
26,124,18380,20026028,21124031,119
43,43,,20043050,11043047,119
43,43,,20043049,11043047,119
24,131,20740,20024063,21131086,119
28,23,18380,20028493,21023007,119
57,15,,10057013,11015983,119
22,15,15290,10022085,11015984,119
22,18,15290,10022085,11018478,119
21,18,15290,10021355,11018478,119
23,28,30635,10023016,11028511,119
221,221,,21221091,10221087,119
14,14,,10014534,11014002,119
13,4,,20013020,21004511,119
53,53,,31053004,40053002,119
202,202,,21202081,10202061,119
131,24,30635,10131089,11024074,119
131,24,30635,10131078,11024074,119
131,24,30635,10131088,11024076,119
131,24,30635,10131079,11024076,119
37,25,15290,10037050,11025038,119
67,65,9610,20067057,11065066,119
44,43,10911,20044006,20043033,119
203,204,64140,30203001,21204015,119
99,99,,11099010,20099007,119
203,203,,41203033,30203037,119
44,43,10911,20044006,20043038,119
1,36,2672,20001018,21036378,119
48,48,,20048007,21048527,119
48,48,,20048006,21048527,119
42,42,,10042074,21042076,119
81,81,,11081004,20081007,119
24,131,20740,20024063,21131090,119
28,23,18380,20028417,21023007,119
168,168,,30168025,41168024,119
164,168,,30164022,41168024,119
129,129,,11129005,20129006,119
43,44,25751,11043048,11044011,119
122,121,190,10122015,21121081,119
25,25,,20025055,11025058,119
56,18,15290,10056079,11018477,119
23,28,30635,10023016,11028503,119
346,347,17024,20346008,11347009,119
18,18,,11018477,20018488,119
3,4,,10003501,11004004,119
48,48,,10048526,11048001,119
2,2,,11002021,20002011,119
125,11,15445,10125010,11011030,119
82,82,,11082004,20082005,119
85,85,,21085010,10085007,119
39,33,99267,10039407,11033026,119
132,24,30635,10132360,11024074,119
49,49,,11049006,20049008,119
31,68,26368,40031039,11068059,119
187,182,61332,10187008,21182008,119
182,182,,10182009,21182008,119
153,183,57459,21153016,21183033,119
25,37,910,20025051,21037038,119
192,600,,10192049,20600005,119
280,280,620,21280028,10280029,119
49,49,,11049007,20049014,119
238,236,74575,20238061,11236059,119
46,46,,40046046,31046047,119
213,204,64140,30213012,21204015,119
204,203,64140,10204017,41203033,119
203,203,,41203035,30203037,119
213,213,,41213013,30213014,119
28,23,18380,20028416,21023005,119
2,13,3037,10002521,11013018,119
4,13,12880,10004513,11013018,119
3,13,12880,10003501,11013018,119
26,124,18380,20026028,21124027,119
33,39,2220,20033049,21039409,119
48,48,,20048004,21048527,119
44,43,10911,20044006,20043050,119
48,48,,10048526,11048018,119
24,131,20740,20024061,21131091,119
38,38,,30038007,41038006,119
121,121,190,10121069,21121080,119
232,232,,30232098,41232105,119
347,346,23273,20347011,11346009,119
56,15,15290,10056079,11015983,119
23,28,30635,10023015,11028503,119
221,221,,10221089,21221090,119
51,51,,11051001,20051002,119
4,4,,10004513,11004004,119
3,3,,20003006,21003523,119
13,2,,20013020,21002511,119
4,2,,20004005,21002511,119
13,3,,20013020,21003521,119
4,4,,11004004,20004005,119
3,4,,20003006,21004511,119
36,1,3600,10036373,11001007,119
55,55,,21055283,10055001,119
125,11,15445,10125011,11011030,119
31,31,,31031024,40031039,119
132,24,30635,10132361,11024074,119
131,24,30635,10131081,11024074,119
131,24,30635,10131079,11024074,119
44,43,10911,20044009,20043030,119
7,49,1500,10007020,11049007,119
7,49,1500,10007019,11049007,119
18,7,,20018488,21007018,119
48,48,,20048006,21048523,119
31,68,26368,40031039,11068058,119
14,14,,20014005,21014538,119
187,187,,21187012,10187010,119
213,204,64140,30213014,21204015,119
203,204,64140,30203037,21204016,119
204,213,64140,10204013,41213013,119
55,55,,21055283,10055285,119
54,54,,21054099,10054092,119
11,125,1085,20011041,21125022,119
13,13,,11013017,20013020,119
4,3,,10004513,11003012,119
3,3,,10003505,11003012,119
54,5,19940,10054109,11005144,119
5,54,7430,20005133,21054114,119
27,17,27430,10027022,11017055,119
232,232,,30232099,41232104,119
124,26,30635,10124036,11026057,119
22,15,15290,10022085,11015982,119
56,18,15290,10056079,11018479,119
21,18,15290,10021354,11018479,119
23,28,30635,10023016,11028502,119
41,41,,20041208,11041203,119
248,248,,30248018,41248030,119
221,221,,10221088,21221090,119
182,187,60634,10182009,21187013,119
83,83,,11083004,20083002,119
14,14,,10014528,11014002,119
4,3,,20004010,21003521,119
3,4,,20003014,21004511,119
107,148,46440,21107015,21148008,119
10,12,1085,20010020,21012016,119
82,82,,11082004,20082006,119
134,24,30635,10134018,11024076,119
187,187,,21187013,10187010,119
4,4,,21004511,10004516,119
204,213,64140,10204017,41213013,119
2,2,,10002521,11002021,119
3,3,,10003501,11003013,119
65,67,25210,20065057,11067051,119
39,33,99267,10039407,11033046,119
26,124,18380,20026028,21124024,119
84,84,,11084016,20084019,119
24,131,20740,20024063,21131091,119
139,139,,21139008,10139007,119
345,331,5493,11345014,41331023,119
345,331,5493,11345006,41331026,119
56,15,15290,10056079,11015982,119
21,15,15290,10021354,11015983,119
22,18,15290,10022085,11018477,119
21,18,15290,10021354,11018477,119
41,41,,20041210,11041204,119
331,345,5489,30331020,20345015,119
150,180,57454,21150168,21180090,119
150,180,57454,21150186,21180095,119
236,238,74390,20236060,11238060,119
14,14,,10014545,11014002,119
3,4,,10003505,11004004,119
4,3,,20004005,21003523,119
2,2,,20002011,21002511,119
4,3,,20004005,21003521,119
4,4,,20004010,21004511,119
54,5,19940,10054109,11005040,119
12,10,1400,10012025,11010018,119
12,10,1400,10012024,11010018,119
105,105,,11105009,20105010,119
125,11,15445,10125012,11011030,119
85,85,,21085011,10085008,119
132,24,30635,10132359,11024074,119
131,24,30635,10131087,11024074,119
132,24,30635,10132359,11024076,119
131,24,30635,10131080,11024076,119
12,12,,21012016,10012024,119
67,65,9610,20067057,11065064,119
68,31,75406,20068051,31031024,119
7,7,,21007011,10007029,119
162,600,,10162031,20600005,119
331,345,5489,30331014,20345005,119
280,280,620,21280025,10280030,119
75,330,10860,31075145,31330004,119
204,203,64140,10204017,41203034,119
4,36,,20004005,21036378,119
44,44,,11044011,20044006,119
5,54,7430,20005136,21054097,119
55,55,,10055290,21055291,119
28,23,18380,20028493,21023005,119
25,25,,20025055,11025054,119
33,39,2220,20033050,21039408,119
33,39,2220,20033049,21039408,119
15,15,,11015991,20015993,119
24,131,20740,20024063,21131083,119
43,44,25751,11043043,11044011,119
121,121,190,10121069,21121081,119
48,48,,10048526,11048017,119
232,232,,30232098,41232106,119
345,331,5493,11345006,41331025,119
21,15,15290,10021355,11015983,119
56,18,15290,10056079,11018478,119
22,18,15290,10022085,11018479,119
23,28,30635,10023016,11028510,119
150,180,57454,21150186,21180090,119
65,67,25210,20065057,11067060,119
4,4,,11004016,20004010,119
14,14,,11014017,20014005,119
2,2,,11002020,20002011,119
3,3,,20003014,21003521,119
187,187,,21187013,10187008,119
187,187,,21187012,10187008,119
183,153,57453,10183030,10153018,119
81,81,,11081004,20081005,119
110,110,,21110021,10110019,119
203,203,,41203031,30203036,119
11,125,1085,20011041,21125023,119
11,125,1085,20011041,21125026,119
28,23,18380,20028489,21023005,119
4,4,,10004513,11004019,119
330,75,76700,40330006,40075142,119
248,248,,41248030,30248018,119
25,25,,20025056,11025054,119
5,54,7430,20005135,21054114,119
83,83,,11083004,20083008,119
44,43,10911,20044009,20043050,119
148,107,46468,10148007,10107014,119
22,15,15290,10022085,11015983,119
56,15,15290,10056079,11015984,119
21,15,15290,10021354,11015984,119
23,28,30635,10023015,11028502,119
540,540,,30540523,41540521,119
180,180,,21180095,10180086,119
540,540,,41540520,30540524,119
51,51,,20051002,11051001,119
70,70,,11070032,20070022,119
4,3,,20004020,21003521,119
4,4,,20004020,21004511,119
203,203,,41203033,30203001,119
17,27,26665,20017056,21027019,119
125,11,15445,10125015,11011030,119
14,12,1085,20014014,21012017,119
49,7,1085,20049009,21007002,119
7,7,,21007011,10007009,119
118,118,,21118335,10118347,119
179,600,,10179035,20600005,119
331,345,5489,30331015,20345005,119
168,164,,30168025,41164020,119
203,204,64140,30203037,21204015,119
203,203,,41203034,30203036,119
118,118,,10118346,21118349,119
4,4,,10004513,11004015,119
4,4,,10004513,11004017,119
48,48,,20048019,21048527,119
124,124,619,10124029,21124032,119
24,131,20740,20024061,21131083,119
24,131,20740,20024063,21131082,119
21,18,15290,10021355,11018477,119
41,41,,20041211,11041204,119
